198364701|9|AYS|2|173.06|IQD|3|115.37|CHJ|8|80.75|JVA|1|126.91|YWE|6|203.84|OKG|3|126.91|AAC|1|19.21|BQD|8|88.45|WQB|4|161.53
198364702|9|MQK|6|157.68|MZD|5|165.38|YZS|4|269.22|IOZ|6|192.3|DBJ|10|61.53|JRJ|5|146.15|JRH|10|138.45|CKS|8|126.9|MUE|4|149.99
198364703|3|JYB|4|142.3|BVP|2|153.83|PFX|6|176.9
198364704|5|QLE|5|130.76|BVE|6|111.53|ULM|3|176.91|TFM|6|153.83|VVS|1|242.29
198364705|2|YRU|7|246.14|EXS|4|184.6
198364706|10|XOE|1|169.22|VXY|4|273.06|KXZ|7|234.6|SVI|7|192.29|ETP|5|157.68|XAX|2|188.44|URC|5|161.52|OYL|2|199.99|PTQ|1|203.83|WTE|1|184.61
198364707|5|XGO|13|176.91|WMW|5|226.92|ZQY|3|261.53|MDW|1|157.68|TDO|2|149.99
198364708|9|BEM|2|80.76|TBL|1|130.76|VQC|2|161.52|AUM|4|134.6|EHQ|3|115.37|XOX|6|242.29|DDM|5|84.6|VCI|4|130.75|PEE|5|99.99
198364709|3|OVP|1|203.83|OFS|8|153.83|IVB|6|126.91
198364710|3|UMR|11|203.83|JRB|5|115.38|QVU|4|230.75
198364711|2|KJU|3|161.52|IER|3|123.07
198364712|3|TCJ|2|126.91|PFF|7|107.67|RZQ|3|234.61
198364713|3|MFS|2|149.98|DJA|5|57.68|FMY|1|169.22
198364714|9|DJG|10|80.76|FXO|11|173.06|VFL|8|153.83|GXD|8|134.6|FCH|2|65.36|HEB|11|57.68|FLC|1|80.75|FAY|5|123.06|VMO|1|192.3
198364715|6|PQJ|5|165.37|VMX|5|230.75|EIX|5|146.14|QUD|2|161.52|WGB|7|123.07|OBW|5|153.84
198364716|7|DRP|2|146.14|VMJ|2|176.91|PAM|1|115.37|CPR|4|142.29|FIR|3|126.91|AUG|1|111.52|EGH|2|76.91
198364717|7|PVM|7|196.14|JCZ|6|149.99|LWD|4|149.99|ZTP|4|238.45|CPC|3|84.59|YQC|6|173.06|KIK|5|119.21
198364718|1|CVM|3|149.98
198364719|6|WST|2|238.45|APM|5|119.21|GXM|2|173.06|MCQ|13|126.91|VLX|4|223.06|XOW|3|238.45
198364720|3|LXW|2|226.91|HGM|3|111.52|YWS|7|257.68
198364721|6|PXR|3|223.06|TXX|6|261.52|SBJ|4|119.22|JTZ|4|215.38|MXI|7|176.91|RKJ|2|149.99
198364722|6|UEQ|1|165.37|RAM|3|123.07|MUI|2|165.37|MBX|6|149.99|DQT|7|157.68|MKH|5|123.06
198364723|3|MVQ|6|199.99|SOM|5|180.76|RZS|4|242.3
198364724|9|TSY|7|246.14|JMM|5|142.3|EGZ|2|146.15|YVI|5|215.37|VIP|12|180.75|HDH|2|76.9|PRM|3|180.76|PSF|1|157.67|UYR|2|246.14
198364725|7|WKC|1|142.29|DZT|11|192.3|YBE|3|123.07|AEM|9|76.91|TVA|3|165.37|ZFS|12|196.14|ZLY|3|242.3
198364726|8|XMZ|1|242.3|XKE|7|153.83|ICT|4|123.06|LQZ|1|211.53|DTX|2|184.6|FMH|1|107.67|OWV|9|230.76|VVF|4|192.29
198364727|5|GOW|2|173.07|BYJ|1|142.3|VZF|3|207.68|UCC|7|103.82|KXG|3|161.52
198364728|9|BZL|7|153.84|WEO|8|165.38|JKY|3|176.91|FWX|8|203.83|PHT|11|169.21|EAM|7|76.91|UMG|2|157.68|KOY|4|196.14|IHG|1|92.29
198364729|5|HJD|14|84.6|GDA|7|46.14|OQR|5|192.3|HIE|3|84.6|BEF|2|49.99
198364730|6|KII|6|111.52|XME|5|165.37|GTI|2|138.45|MSZ|4|223.07|FLF|12|92.29|SDS|7|161.52
198364731|10|HMF|5|107.67|FQM|2|138.45|XHV|2|207.67|GUX|2|199.98|QCM|2|130.75|CUR|10|161.52|VQC|1|161.52|OAB|3|69.22|ZFC|2|134.6|ZWM|7|238.46
198364732|2|HGA|1|61.52|KCW|1|142.29
198364733|5|ESV|13|176.91|UVS|12|238.44|PFW|5|173.06|ZMR|3|219.23|JMM|11|142.3
198364734|1|MSD|2|142.29
198364735|9|BCY|6|115.37|LHO|4|134.6|MUK|16|176.9|SHO|4|161.52|AVA|2|92.29|CWM|4|149.99|QXF|5|180.75|KYJ|10|176.91|LKM|2|138.45
198364736|2|PIY|4|192.29|VRU|2|234.6
198364737|2|XKA|3|138.44|BPM|5|119.22
198364738|8|ZYF|5|219.22|WGW|3|203.84|VFM|3|161.52|KJQ|2|146.14|UIR|5|184.6|FFR|8|115.37|DYV|7|196.14|WFF|1|134.6
198364739|6|LME|9|119.22|MUJ|2|173.06|CRS|9|153.83|UTM|11|207.68|FEW|3|130.76|PYD|1|173.06
198364740|5|BKW|3|138.45|AQC|5|80.75|MWP|1|199.99|TME|3|149.99|UAC|3|96.13
198364741|2|JZM|5|192.3|YTX|3|265.37
198364742|3|OSX|5|223.06|PGY|9|184.6|LJP|3|146.14
198364743|2|KSP|6|176.9|WRW|2|246.15
198364744|4|RTL|3|192.3|GWW|8|203.84|DMK|3|111.52|ERR|10|157.69
198364745|8|LOQ|1|169.22|IPX|5|188.44|GMP|6|138.45|KOB|6|107.68|DQJ|2|119.22|FMW|4|161.53|KMM|1|149.98|LYO|5|199.99
198364746|7|PZQ|6|226.91|KOZ|6|199.99|DOM|3|126.91|BOJ|8|103.84|AZV|5|188.45|GKI|11|103.83|AMZ|5|153.84
198364747|10|YTQ|6|238.45|DEF|2|57.68|BRI|5|111.53|BBM|5|65.38|MBD|14|76.91|XKW|3|223.06|AHR|4|103.83|IXY|3|223.06|CAX|9|107.67|KZB|6|149.99
198364748|10|UJQ|11|184.6|QQH|4|161.52|XFE|1|134.6|DKT|3|134.6|DVJ|5|138.45|CVM|4|149.98|RSJ|2|180.76|RYG|3|192.3|PLM|1|157.68|EEP|1|99.99
198364749|5|CHK|1|84.59|SLG|2|146.14|JWA|9|130.76|SVS|2|230.75|VZC|1|196.14
198364750|1|OUZ|2|238.45
198364751|10|IZO|1|192.3|FAT|4|103.83|MMA|4|107.68|DAD|2|34.6|KUR|11|192.29|EPR|6|149.99|QPL|7|173.06|WDM|6|153.84|DCE|6|46.14|DAP|5|80.75
198364752|10|WIZ|2|223.07|TRI|5|180.76|FYH|3|149.98|VPB|8|153.83|ODL|2|119.22|VMU|3|219.21|CIG|6|73.06|MES|9|146.14|ZYR|3|265.38|AAC|5|19.21
198364753|10|AUB|10|92.29|AQI|4|103.83|ORW|1|215.38|DMA|4|73.06|HGM|1|107.68|ZOA|3|161.53|PJF|4|123.06|CYS|3|180.75|FOW|3|169.22|MBI|3|96.14
198364754|9|DBB|3|30.76|MBP|1|119.22|WJU|3|207.68|OII|9|126.91|QKF|1|130.75|KMZ|1|196.14|GEO|6|103.84|YLS|2|215.37|EMM|3|123.07
198364755|4|VUL|2|211.52|FYD|7|134.6|QMP|9|176.91|QMB|6|123.07
198364756|4|OGU|3|165.37|DMG|6|96.14|EDY|9|130.76|RIU|1|184.6
198364757|4|BUT|8|165.37|YMS|4|223.06|YVP|6|242.29|FOP|7|142.29
198364758|3|DOP|2|134.6|HXJ|3|161.52|LPL|5|153.83
198364759|3|QEL|4|130.76|EYD|2|130.76|DVW|1|188.45
198364760|4|XFZ|4|215.37|SHE|1|123.06|BRI|8|111.53|VYS|4|253.83
198364761|4|SRH|3|173.06|IDA|2|53.83|MXK|5|188.44|GSM|5|153.83
198364762|5|OJV|3|180.76|FQF|1|111.52|ZYK|1|238.45|YTA|5|176.91|HOQ|5|153.83
198364763|7|RBO|8|134.61|JFT|3|138.45|GGS|16|126.91|UWQ|1|234.6|JMG|1|119.22|LEW|1|153.84|BYK|7|146.14
198364764|5|DZE|12|134.61|TUF|4|180.75|GGU|3|134.6|ILD|5|96.14|SVZ|1|257.68
198364765|8|AWP|3|153.83|MMC|5|119.21|MMT|2|180.76|MZR|4|223.07|LGL|2|119.22|UFP|3|165.36|HFV|7|138.44|AMQ|2|123.06
198364766|1|GRR|5|165.38
198364767|4|WPM|14|199.99|MEJ|3|111.53|DMU|2|149.98|JVT|2|199.99
198364768|8|KWA|4|134.6|QGM|5|142.3|CJC|6|61.52|FOQ|2|146.14|ZJG|3|165.38|VLR|10|199.99|JSP|9|173.06|SJP|5|173.06
198364769|6|FLQ|6|134.6|WUB|6|176.91|YRC|6|176.91|DSV|1|173.06|BAP|9|73.06|XYK|2|230.75
198364770|6|RYG|7|192.3|YMB|14|157.68|LIV|1|165.37|VWR|10|242.3|PSY|5|230.75|TTS|14|226.91
198364771|6|XGM|2|169.22|GID|2|76.91|TGF|2|126.91|KMX|1|184.6|TTD|8|169.22|WEH|5|138.45
198364772|2|LEB|3|73.07|GAW|8|119.22
198364773|5|MJC|1|103.83|YWZ|2|284.61|ODG|3|99.99|KJW|9|169.22|WYE|7|203.84
198364774|8|ZDX|6|207.68|IHJ|2|103.83|GKC|1|80.75|UOC|1|149.98|QOP|2|184.6|KZQ|2|207.68|MXB|8|153.83|DTA|7|96.14
198364775|8|FAK|1|69.21|WKI|13|165.37|IJT|6|149.99|IKK|13|119.21|ULT|1|203.83|FSM|6|149.98|FHU|7|134.59|SVM|1|211.52
198364776|4|MLZ|3|199.99|ORK|6|169.22|EVG|12|130.76|RZG|4|196.15
198364777|1|DHA|4|49.98
198364778|5|MGM|2|130.76|UAR|4|153.83|MRH|1|153.83|IUS|2|188.44|OSE|2|149.99
198364779|4|DTQ|1|157.68|ETW|2|184.61|DQB|3|88.45|UPD|7|157.67
198364780|3|ICD|5|61.52|CFJ|5|73.06|TTG|4|180.76
198364781|7|TLJ|13|161.53|BQC|1|84.6|QLR|3|180.76|RMQ|4|188.45|FPO|3|142.29|BMS|2|130.76|OVF|3|165.37
198364782|5|IWM|10|176.91|SUF|5|176.9|XAK|6|138.44|XPQ|3|219.21|JIW|4|161.53
198364783|4|GEL|3|92.3|RQJ|14|173.07|JFY|4|157.68|MAV|7|142.29
198364784|1|OLJ|1|142.3
198364785|2|EGP|4|107.68|YGR|3|192.3
198364786|8|GTJ|3|142.3|REA|3|92.3|DUD|1|111.52|IFX|5|149.98|XTP|3|230.75|CKX|5|146.13|ZAI|6|138.45|TPF|2|161.52
198364787|6|VWJ|4|211.53|LLL|4|138.45|MTO|4|184.61|LWC|4|146.14|CAV|3|99.98|SKQ|6|180.75
198364788|10|FWX|4|203.83|BLY|1|149.99|LOK|1|146.14|RXG|1|188.45|FKG|2|92.29|KHD|4|88.44|OMO|1|165.38|AVR|5|157.68|ZHA|14|134.6|OKB|5|107.68
198364789|7|XMM|7|196.14|EUR|10|169.22|PEK|11|123.06|GIV|17|146.14|JWA|5|130.76|DAC|5|30.75|RAK|2|115.37
198364790|7|CCO|2|80.75|VVY|6|265.37|SPF|4|157.67|MFC|4|88.44|MVZ|8|234.61|QMF|7|138.45|CXM|6|153.83
198364791|5|AHK|4|76.9|SLF|1|142.29|GXR|6|188.45|YGQ|13|188.45|MPJ|2|149.99
198364792|1|WXY|2|276.91
198364793|3|KAH|1|76.9|DUC|3|107.67|LXU|5|219.21
198364794|8|BEC|7|38.45|ICC|2|57.67|YMM|3|199.99|RCM|2|130.76|QUH|14|176.9|MKM|4|149.98|UYQ|4|242.29|DLI|7|96.14
198364795|1|ESP|8|153.83
198364796|7|HGK|4|99.98|EXA|2|115.37|HDJ|4|84.6|MOM|1|157.69|IHW|8|153.83|MGK|7|123.06|ESB|4|99.99
198364797|9|JMH|5|119.22|UHM|4|161.52|RJS|3|180.76|BSW|7|169.22|QSO|4|196.14|AXC|1|107.67|KYE|5|157.68|HFW|7|142.29|BFW|2|119.22
198364798|9|OPT|5|196.14|BVQ|2|157.68|JHV|9|153.83|QCV|3|161.52|FRS|2|165.37|AWC|8|103.83|DGR|2|111.53|TDM|1|146.14|CSF|2|107.67
198364799|3|ZXZ|2|292.3|BPC|2|80.75|JMU|4|173.06
198364800|2|KBM|7|103.83|HSC|1|115.36
